100
1000
1001
10013
1002
10025
10031
10036
1004
1005
1006
1007
10074
10077
1008
10088
10091
101
1010
1011
1012
1013
1014
10141
10154
1016
1017
10173
1018
10181
10182
1019
10193
10196
102
1020
10208
1021
1022
1023
10231
1024
10242
1025
1026
10261
1027
10274
1028
1029
10295
103
1030
10302
1031
10310
10311
10316
1032
1033
1034
10347
1035
1036
1037
10382
1039
10395
104
1040
10406
10413
10415
1042
1043
10430
1044
1045
1046
10460
10466
1047
10479
1048
1049
10491
105
1050
10500
10501
10503
1051
1052
10526
1055
1056
1057
10571
1058
10585
1059
1060
10607
10608
1061
1062
1064
10643
1065
1066
1067
1068
1069
107
1071
10711
1072
10726
1073
10734
1074
1075
10753
1076
1077
1078
1079
10796
108
1080
1081
1082
1083
1084
10841
1085
1086
1087
10871
1088
1089
109
1090
1091
10911
1092
1094
1095
1096
1097
10971
1098
10985
1099
110
1102
1103
1105
1106
1108
1109
111
1110
11114
1114
1115
11169
1117
11174
11176
1118
112
1120
1121
1122
1123
1125
1126
11262
113
1130
11307
1131
1132
1133
1134
1135
11351
1136
1137
11379
1138
1139
114
1140
1141
1142
1143
1144
1145
1146
11463
1147
1148
1149
1151
1154
11548
1155
1156
1157
1158
1159
116
1160
1161
1162
1163
1164
1165
1166
1167
1168
11689
1169
117
1170
1171
1172
1173
1174
1175
1176
1177
1178
1179
118
11808
1181
1182
1184
1185
11851
11855
1186
11864
1187
1188
1189
119
1190
11905
1191
1192
11924
1193
11930
1194
1195
1196
1197
1198
11980
1199
120
1200
1201
12011
1202
1203
1204
1205
1206
1208
1209
1210
1211
1212
1213
1214
1215
1216
12161
1217
1218
12180
1219
122
1220
1221
1222
1224
1225
1226
1227
1228
12283
1229
123
1230
1231
12316
1232
1233
1234
1235
1236
1237
12370
1238
12381
1239
124
1241
1242
1243
1244
1245
12455
1246
1247
1248
1249
125
1250
1251
1252
1253
1254
12544
1255
12551
1256
1257
12577
1258
12583
1259
12592
126
1260
1261
1262
1263
1264
1265
1266
1267
1268
12684
1269
12696
127
1270
1271
1272
12722
1273
12734
1274
12748
1276
1277
1278
1279
128
1280
12800
12805
1282
1284
1285
12851
1286
1287
12870
1288
1289
129
1290
1291
12924
1293
1295
1297
1298
1299
130
1300
1301
1303
1304
1305
1306
1307
13072
1308
13083
1309
131
1310
13119
1312
13129
1313
1314
1315
1316
1317
1318
1319
13196
132
1320
1321
1322
1323
1324
1325
1326
13260
1327
1329
1330
1331
13313
1333
1334
13348
1335
13357
1337
13384
13388
1339
1340
1341
13414
1342
1343
1344
13441
1345
13475
13482
13488
13516
1352
13527
13529
1353
1354
1355
1356
13567
1357
1358
1359
136
1360
1361
13611
1362
1363
1364
1365
1366
1367
1369
13692
137
1370
1371
13728
13729
1373
1374
1375
13756
1377
1378
13783
138
1380
1381
13813
1382
13836
13837
1384
1385
1386
1387
1388
1389
139
1390
1391
1392
1393
1394
1395
1396
13970
1398
1399
140
1400
14000
1401
1402
1403
1404
14042
1405
1406
1407
1408
14080
1409
1410
1411
1412
1413
1414
1415
14157
1416
1417
1418
14185
1419
14196
142
1420
14207
14208
14209
1421
14222
1423
14237
1425
1426
14261
14266
1427
14276
1428
143
1430
14301
14307
1431
14314
14316
1432
14327
1433
1434
1435
1436
1437
1438
14387
1439
14391
14397
14402
14403
1441
14411
1442
1443
14433
14435
1444
1445
14450
1446
1447
14472
1448
14483
14486
1449
1450
14505
1451
1452
14520
14529
1453
14531
1454
14541
1455
1456
14567
1457
1458
14581
14588
1459
146
1460
1461
1462
1463
14633
14634
14635
1464
14648
1465
1467
14685
1469
147
1470
1471
1472
14728
1474
14742
1476
14767
1477
14776
1478
1479
14790
148
1480
14802
1481
1482
14827
1483
1484
14849
1485
14855
1486
14867
1487
1488
1489
14899
149
1490
14902
14909
14910
14915
14927
14928
14942
1496
14967
1497
14977
1499
150
15005
15008
15029
1503
1504
1505
1507
1508
1509
15098
151
1510
15100
15107
1511
15115
1512
15126
15128
1513
1514
1515
1516
1517
1518
15188
1519
15197
1521
15210
1522
15224
15225
15227
15233
15239
15248
1525
1526
15263
15265
1527
15270
15272
15273
1528
15280
15289
153
1530
1531
1532
15326
1533
1534
15344
1535
15352
1536
15363
15366
1537
15374
15378
1538
15382
1539
15391
154
1540
15406
1541
15419
1543
15430
15431
15432
1544
15443
15445
1545
1546
1547
15474
1548
15497
155
1550
15507
1551
15519
1552
15523
1553
15530
15535
1554
1555
15550
15551
15559
1556
1557
15573
15576
1558
15587
15589
1559
156
1560
15603
15608
1561
1562
15626
1563
15630
1564
15640
15656
1566
15661
15668
15669
1567
15677
1568
1569
15698
157
1570
1571
1572
15732
15734
1574
15753
1576
1577
15774
15778
1578
15799
158
1580
15804
15805
15806
1581
1582
1583
15833
15837
1584
15842
1585
15857
1586
1587
15872
1588
15882
1589
159
1590
15906
1591
1592
15924
15925
15926
15929
1593
15930
15936
15937
1594
15944
1595
15951
15953
15958
1596
15961
15963
15967
15969
1597
15972
15973
15976
1598
15981
15983
15984
15985
1599
15992
15993
15994
15995
15996
16
160
1600
16000
16001
16002
16003
16005
1601
16014
16015
1602
16021
16025
16026
16027
1603
16030
16034
16035
1604
16040
16041
16046
16048
16049
1605
16050
16052
16054
16055
16057
16058
16059
1606
16060
16061
16062
16067
16071
16073
16075
16076
16077
16078
16079
1608
16083
16084
16085
16086
16088
1609
16091
16094
16095
16096
16098
16099
161
1610
16100
16102
16103
16108
16119
1612
16129
1613
16130
16134
16144
16147
1615
16152
16158
1616
16163
1617
16176
16177
16178
1618
16181
16182
16183
16184
16187
1619
16190
16191
16192
16196
16197
16199
162
16200
16201
16207
16208
16209
1621
16210
16211
16213
16214
16215
16216
16217
1622
16220
16223
16224
16229
1623
16230
16232
16233
16235
16238
16244
16247
16248
16249
1625
16250
16254
16256
16259
16260
16261
16262
16289
1629
16293
16295
16297
16298
16299
1630
16303
16304
16308
1631
16319
1632
1633
16331
16333
16336
1634
16341
16344
16346
16348
1635
16355
1636
16362
16363
16365
16366
1637
16372
16373
16374
16375
16376
16379
1638
16380
16383
16384
16387
1639
16390
16393
16394
16396
16398
164
1640
16400
16404
16407
16409
1641
16410
16411
16414
16424
16425
16427
16428
16429
1643
16430
16433
16438
16439
1644
16440
16441
16442
16443
16444
16446
1645
16450
16451
16453
16454
16455
16457
16459
1646
16460
16462
16463
16464
16469
1647
16470
16473
16475
16477
16478
1648
16481
16482
16483
16484
16486
16489
1649
16491
16494
165
1650
16500
16501
16504
16506
16508
16510
16511
16515
16516
16518
16519
16522
16523
16524
16525
16526
16527
16528
16534
16536
16538
1654
16541
1655
1656
16564
16565
16569
1657
16570
16571
16573
16575
16578
16579
1658
16587
16589
1659
16590
16591
16592
16594
16595
16599
166
1660
16602
16609
16611
16616
16618
16619
1662
16621
16624
16628
1663
16630
16632
16633
16635
16636
1664
16641
16643
16645
16646
16648
16649
1665
16650
16652
16653
16654
16656
16658
1666
16660
16663
16664
1667
16673
16676
16677
16679
1668
16688
16695
16698
167
1670
16703
16704
16705
16706
16708
1671
16715
16716
16717
16719
1672
16720
16722
16724
16726
1673
16730
16738
1674
16740
16743
16744
16747
16749
1675
16753
1676
16760
16761
16764
16765
1677
16771
16774
1678
16782
16792
16796
16798
168
1680
16800
1681
16814
16818
1682
16820
16821
16825
1683
16830
16833
16837
16838
1684
16840
16842
16844
16845
1685
16853
1686
16860
1687
16878
1688
16880
16881
16884
1689
16890
169
1690
16904
16909
1691
16911
16914
16915
16916
1692
16922
16924
16926
16929
16931
16932
16933
16938
1694
16940
16941
1695
16955
16959
1696
1697
16970
1698
16982
16985
1699
16997
170
1700
17009
1701
17013
17017
1702
17029
1703
1704
17040
17049
1705
17050
17053
17058
1706
17061
17063
1707
17071
17072
17073
17074
17077
1708
17086
17087
17088
1709
171
1710
17101
17107
17108
1711
17116
17121
17123
17130
17131
17132
17138
1714
17142
17146
17152
17155
1716
17162
17163
17166
1717
17173
17175
1718
17180
17185
17189
1719
17191
172
1720
17202
17204
1722
17227
17228
1723
17234
17238
1724
17241
17243
17245
17246
17249
1725
17259
1726
1727
17277
1728
17280
17286
1729
173
1730
1731
17313
17314
1732
17321
17323
1733
1734
17341
17349
1735
17350
17353
1736
17360
1737
17373
17377
17378
1738
17389
1739
17390
174
1740
17404
1741
17418
17419
1742
17420
17421
17422
17436
17439
1744
1745
17453
17456
1746
1747
17472
17474
17475
1748
17481
17482
17486
1749
17496
17497
17499
175
1750
17502
1751
17512
17513
17518
1752
17523
17528
17531
17534
1754
17540
17545
1755
17557
17558
1756
17560
17565
17567
1757
17574
17575
1758
17583
17584
1759
17595
17597
176
1760
17603
17604
1761
1762
17621
17622
17627
1763
17638
17639
1764
17641
17646
1765
17653
17654
17656
1766
1767
17672
1768
1769
1770
1771
1772
1773
1774
1775
1776
1777
1778
1779
178
1780
1781
1782
1783
17830
1784
1785
1786
1787
1788
179
1790
1791
1793
1794
1795
1797
1798
1799
180
1800
1801
1802
1803
1804
1805
1807
1808
1809
181
1810
1811
1812
18120
18121
1813
1814
1816
1817
1818
1819
1820
18204
1821
1822
1823
1824
1825
1826
1829
183
1831
1832
1833
1834
1835
1836
1837
1838
1839
184
1840
1841
1842
1843
1845
1846
1847
1848
1849
185
1850
1851
1852
1853
1854
1855
1856
1857
1858
1859
186
1860
1861
1862
1863
1864
18642
1865
1866
1867
1868
18685
1869
1870
18708
1871
1872
1873
1874
1875
1876
1877
1878
1879
18799
188
1880
1881
1882
1883
1884
1885
1886
1887
1888
1889
189
1890
18902
1891
18914
1892
1893
1895
1896
1897
1898
1899
190
1900
1901
1902
1903
1904
1906
19066
1908
1909
191
1910
1911
1912
1915
1917
1918
1919
192
1920
1921
1922
1923
1925
1926
1927
19277
1928
1929
193
1930
1931
1932
1934
1935
1936
1939
19395
194
1940
1942
1943
1944
19449
1946
1947
195
1950
1951
1952
1953
1954
1955
1957
1958
1959
196
1960
1961
1962
1963
1964
1965
1967
1968
1969
197
1970
1971
1972
1973
1974
1975
1976
1977
1978
1979
198
1980
1981
1982
1983
1984
1985
1986
1987
19874
19875
19877
19881
19882
19884
19886
19887
19888
19889
19896
19898
199
1990
1991
1992
1993
19930
19934
19935
19936
19938
19939
19940
19944
19945
19946
19948
1995
19950
19954
19956
19957
19958
19959
1996
19961
19967
19968
19969
1997
19970
19971
19973
19974
19975
19976
19978
19979
1998
19981
19988
19989
1999
19991
19992
19994
19995
19998
200
2000
20000
20002
20003
20005
20006
20008
20009
2001
20013
20014
2002
20023
20024
20025
20027
20028
2003
20032
20036
2004
20042
20043
20044
20045
20046
20047
20048
20049
20051
20052
20054
20055
20057
20059
2006
20060
20061
20062
20063
20064
20065
20066
20067
20068
20069
2007
20070
20071
20072
20073
20074
20076
20077
20078
20079
2008
20080
20081
20082
20084
20085
20086
20087
20088
20089
2009
20091
20092
20093
20094
20095
20099
2010
20100
20101
20102
20103
20105
2011
20114
20115
20116
20118
20119
2012
20120
20121
20122
20123
20124
20125
20126
20127
20129
2013
20132
20133
20134
20135
20139
2014
20140
20141
20142
20145
20146
20147
20148
2015
20151
20152
20153
20154
20157
2016
20161
20163
20164
20168
2017
20173
20175
20176
20177
20178
20179
2018
20182
20183
20184
20185
20187
20188
20189
2019
20190
20191
20192
20193
20194
20195
20196
2020
20201
20203
20204
20205
20207
20208
20209
2021
20212
20213
20215
20217
20218
20219
2022
20220
20221
20223
20227
20228
20229
2023
20231
2024
20241
2025
20253
2026
20265
2027
2028
2029
203
2030
2031
2032
20325
2033
20331
2035
2037
20377
2038
20384
204
2040
20426
20436
2044
2046
20460
20462
2047
2049
205
2050
20503
2051
20539
2054
2055
20554
20563
20590
20599
206
20600
20671
2068
207
20700
20724
20730
20740
20758
20767
20778
20789
208
2080
2083
2084
20841
20842
20845
2085
20857
2087
20877
20895
209
20904
2094
20944
20964
2097
2098
210
2100
21000
21003
21005
2104
2105
2106
2107
2108
21082
2109
21097
211
2110
21108
2111
2112
21128
2113
2114
21146
2115
2116
2117
21174
2118
2119
212
2120
2121
2122
2124
2125
2126
2127
21276
2129
213
2130
2131
21311
21312
21314
21318
21319
2132
21322
21325
21326
21329
2133
21330
21332
21335
2134
21341
21343
21344
21346
21348
2135
21350
21352
21353
21354
21355
21356
21357
21358
21359
2136
21361
21362
21363
21364
21365
21367
21369
2137
21371
21372
21375
21379
2138
21383
2139
214
2140
2141
2142
2143
21435
2144
2145
2146
2147
2148
2149
215
2150
21512
2152
21562
2157
21574
2158
21585
2159
21594
2160
21604
21609
2161
21615
2162
21620
21626
2164
2165
21665
2167
2169
217
2170
2171
21716
2172
2173
2174
21743
2175
2176
2177
2178
2179
218
2180
2181
2182
2183
2184
2185
2186
2187
2188
2189
219
2190
2191
2192
2193
2194
21940
2195
2196
21961
2197
2198
21986
21990
21993
220
2200
2201
22019
2202
22028
2203
2204
22040
22049
2205
22050
22055
22058
2206
22060
22061
22077
2208
22085
2209
22091
22093
221
2210
22100
22104
2211
2212
22122
22126
22129
2213
22131
22139
2214
22141
22142
22145
22147
2215
22154
22155
22157
2216
2217
2218
2219
222
2220
2221
2222
2223
2224
2225
2226
2227
2228
2229
223
2230
22309
2231
2233
2234
2236
2237
2238
2239
2240
2241
2242
22420
2243
2244
2246
2247
2248
22484
2250
2251
2252
2253
2254
2256
2258
22581
2259
226
2260
2261
2262
2263
2264
22645
2265
2267
2268
2269
22691
227
2270
2271
2272
2275
2276
2279
22791
2280
2281
22815
2283
2284
2285
2286
2288
2289
229
2290
2291
2292
2293
2294
2295
2296
2297
2298
2299
23
230
2300
2301
2302
2303
2304
2305
2306
2307
2308
2309
231
2310
2311
2312
2313
2315
2316
2317
2318
2319
232
2320
23208
2321
23214
2322
2323
2324
23245
2325
2326
2327
23279
23299
233
2331
23315
23316
23317
23318
2332
2333
2334
23349
2335
2336
2337
23371
2338
23383
2339
234
2340
2341
23414
23415
23417
2342
23427
2343
2344
2345
23457
2346
2347
2348
2349
23498
235
2350
23506
23507
2351
23518
2352
2353
23532
23534
23535
23538
2354
23542
23543
23544
23546
23548
2355
23550
23552
2356
23564
23567
2357
23570
23571
23572
23573
23574
23576
23577
2358
23588
23594
23598
236
2360
23604
23609
2361
23610
23612
23621
2363
23630
23635
23636
23639
2364
23640
23642
23646
23647
2365
23650
23652
23656
23657
23658
23659
2366
23662
23665
2367
23673
23674
23676
23677
2368
23682
23683
23684
2369
23693
23697
23698
2370
23701
23709
2371
23712
23713
23714
23715
23716
2372
23723
23726
23729
2373
23730
23731
2374
23747
23749
2375
23750
23753
23757
23759
2376
23760
23766
2377
23773
23775
2378
23780
23784
23787
23794
23799
238
2380
23808
2381
23813
2382
23820
2383
23834
23837
2384
23842
2385
23850
23854
23855
23856
2386
23862
23863
23864
23865
23868
2387
2388
23880
23881
23889
2389
239
2390
2391
2392
2393
2394
23946
2395
23957
2396
23961
23963
23968
2397
23970
23972
23977
2398
23985
23986
23988
23989
2399
23991
23994
23996
240
2401
24015
2402
24023
24024
24025
24029
2403
24035
24037
24038
24039
2404
24040
24041
24044
24045
24046
24048
2405
24054
24056
24059
2406
24062
24063
24064
24066
24067
24069
2407
24076
24079
2408
24086
24089
2409
24091
24092
24093
24095
24096
24097
24098
24099
241
2410
24100
24102
24103
24104
24105
24106
24107
24108
2411
24111
24113
24116
24119
24120
24122
24124
24125
24126
24128
24129
2413
24131
24132
24133
24134
24135
24137
24138
24139
2414
24141
24142
24144
24147
24148
2415
24150
24152
24153
24154
24155
24159
2416
24160
24162
24166
24167
24168
2417
24173
24174
24175
24176
24179
2418
24181
24182
24184
24189
2419
24192
24196
24197
242
2420
24200
24201
24202
24203
24205
24208
24209
24211
24213
24217
24219
2422
24222
24224
24227
24228
2423
24231
24235
24236
24238
2424
24240
24243
24244
24247
24248
2425
24252
24253
24257
24258
2426
24260
24265
24266
24267
24268
24269
2427
24271
24272
24273
24279
2428
24280
24283
24285
24286
24289
2429
24292
24294
24296
24297
2430
24300
24304
24307
24308
2431
24310
24311
24312
24316
24319
2432
24320
24321
24322
24323
24325
24326
24327
24329
2433
24337
2434
24340
24341
24342
24343
24345
24346
24347
24349
2435
24350
24354
24357
2436
24362
24364
24365
24366
24367
24368
2437
24374
24375
24376
24377
24378
2438
24381
2439
24390
24393
24394
24395
24396
244
2440
24402
24405
24406
24407
24409
2441
24411
24412
24413
24414
24415
24417
24418
24419
2442
24421
24422
24423
24425
2443
24430
24431
24432
24436
24437
24438
2444
24441
24442
24443
24445
24446
24447
24448
2445
24450
24451
24453
24454
24455
24456
24459
2446
24460
24461
24462
24463
24466
24468
24473
2448
24480
24483
24487
2449
24490
24491
24492
24493
24494
24497
245
24501
24507
24508
24509
2451
24512
24513
24514
24516
24517
24519
2452
24520
24521
2453
24532
24533
24534
24535
24538
2454
24543
24546
24547
24548
2455
24558
24559
2456
24565
2457
24577
2458
24580
24581
24582
24587
24589
2459
24592
24593
24597
24598
24599
246
2460
24600
24603
24605
24606
24607
2461
24611
24612
24613
24614
24615
24616
2462
24620
24621
24622
24624
24625
24626
24627
24628
2463
24633
24634
24635
24636
24637
2464
24640
24644
24645
24648
2465
24656
2466
24660
24664
24665
24666
24669
2467
24670
24671
24672
24676
24679
2468
24684
24689
2469
24690
24699
247
2470
24707
24709
2471
24710
24716
24717
2472
24720
24722
24723
24724
24726
24727
24729
2473
24730
24731
24734
24735
24736
24737
2474
24740
24743
24745
24746
24751
24752
24756
2476
24761
24762
2477
24774
24775
24777
2478
24781
24782
24787
2479
24795
248
2480
24806
2481
24810
24812
24813
2482
24826
24828
24829
2483
24830
24834
24836
24837
24838
24839
2484
24840
24844
24845
24848
24849
2485
24850
24851
24854
24856
24857
2486
24860
24864
24865
2487
24870
24871
24875
24884
24886
24889
2489
249
2490
24901
24904
24909
2491
24919
2492
24921
24924
24925
24926
24927
24928
24929
2493
24930
24931
24932
24933
24934
24935
24936
24937
24938
24939
2494
24940
24941
24942
24943
24944
24946
24947
24949
2495
24950
24951
24952
24953
2496
24961
24962
24963
2497
24975
2498
24986
2499
24991
24996
25
250
2500
25000
25004
25006
25007
2501
2502
25033
25034
25036
25037
25038
25039
2504
25040
25041
25042
2505
25051
25053
25055
2506
25064
25065
25069
2507
25070
25077
25078
2508
25080
25083
25084
25087
25089
2509
25090
25091
25092
25093
25097
251
25113
25114
25115
25116
25119
2512
25123
25126
25127
25128
25129
2513
25130
25132
25133
25134
25135
25136
25137
2514
25140
25143
25146
25147
25149
2515
25152
25153
25156
25158
2516
25164
2517
25171
25172
25175
25178
2518
25184
25187
25189
2519
25192
252
2520
25202
25203
25206
25209
2521
25210
25215
25217
2522
25228
25229
2523
25230
25231
25232
25233
25235
25236
25237
2524
25240
25241
25243
25246
25247
2525
25250
2526
25261
25262
25267
25268
2527
25270
25271
25275
25277
2528
25282
25288
2529
25295
25299
253
2530
25303
25307
2531
25313
2532
25321
25322
25323
25328
2533
25331
25332
25334
25336
25337
25338
25339
2534
25340
25342
25343
25344
25346
25347
25349
25352
25353
25354
25355
25358
25363
25364
25367
25368
2537
25370
25374
25375
25376
25379
2538
25383
25384
2539
254
2540
25404
2541
25413
25416
25418
25419
2542
25420
25421
25424
25425
25427
25428
2543
25431
25432
25434
25435
25436
25437
25438
25439
2544
25441
25446
25448
25449
2545
25450
25451
25456
2546
25462
25465
25466
25467
25468
2547
25470
25471
25474
2548
25481
25485
2549
25491
25493
255
2550
25505
25506
25507
25508
2551
25511
25512
25513
25514
25515
25516
25517
25519
2552
25520
25522
25524
25525
25528
2553
25530
25534
25537
2554
25540
25547
25549
2555
25554
25555
25556
25559
2556
25561
25562
25564
25568
2557
25570
25571
25572
2558
25581
25582
25583
25584
25585
25587
25588
2559
25593
256
25607
2561
25610
25611
2562
25627
25629
2563
25632
25639
2564
25643
25649
2565
25650
25651
25653
25654
25655
25656
25657
25658
25659
2566
25665
25667
25669
2567
25679
2568
2569
25693
25699
257
2570
25703
25704
25705
25706
25707
2571
25718
25719
2572
25721
25724
25726
25729
2573
25734
25742
25743
25746
2575
25753
25755
25757
2576
25760
25764
25768
2577
25774
25785
25787
2579
25793
25795
25797
25798
258
25803
25804
25805
25806
25807
2581
25812
25815
25819
2582
25826
2583
25839
2584
25840
25842
25843
25844
25849
2585
25852
25853
25854
25856
25857
25858
25859
2586
25862
25864
25865
25868
2587
25876
25877
25878
25879
2588
25881
25884
25888
2589
25893
25896
25897
25898
25899
2590
25900
25905
25909
2591
25911
2592
25921
25923
25926
2593
25932
25938
25939
2594
25942
25943
25947
25948
2595
25952
25955
25956
2596
25961
25962
25964
25965
25967
25969
2597
25971
25972
25975
2598
25980
25983
2599
25990
25991
25992
25993
25994
25995
25996
26
260
2600
26002
26003
26006
26007
26008
2601
26010
26013
26014
26015
26016
2602
26020
26021
26023
26026
2603
2604
2605
2607
2608
2609
261
2610
2612
2613
2615
2616
2617
2618
2619
262
2620
2622
2623
2624
2625
2626
2627
2628
2629
2630
2631
2632
2633
2634
2635
2636
2637
2638
2639
264
2640
2641
2642
2643
2644
2645
2646
2647
2648
2649
2651
2652
2653
2654
2655
2656
2657
2658
2659
266
2660
2661
2662
2663
2664
2665
2666
2667
2668
2669
267
2671
2672
2673
2674
2676
2677
2678
2679
2680
2681
2682
2683
2685
2686
2687
2688
2689
269
2690
2691
2692
2693
2694
2695
2696
2697
270
2700
2701
2703
2704
2705
2706
2707
2708
2709
271
2710
2711
2712
2713
2714
2715
2716
2717
2718
2719
272
2720
2721
2723
2724
2725
2726
2727
2728
273
2730
2731
2732
2734
2735
2736
2737
2738
2739
274
2740
2741
2742
2743
2746
2747
2748
2749
275
2750
2751
2752
2753
2754
2755
2756
2757
2758
2759
276
2761
2762
2763
2764
2765
2766
2767
2768
2769
277
2770
2771
2772
2773
2774
2775
2776
2777
2778
2779
278
2780
2781
2783
2785
2786
2787
2788
2789
279
2790
2791
2792
2793
2794
2795
2796
2797
2798
2799
280
2800
2801
2802
2803
2804
2805
2806
2807
2808
2809
281
2810
2811
2812
2813
2814
2815
2816
2817
2819
282
2820
2821
2824
2825
2826
2827
2828
2829
283
2830
2832
2833
2834
2836
2837
2838
2839
284
2840
2841
2842
2843
2844
2845
2846
2847
2848
2849
2850
2851
2852
2853
2854
2855
2856
2858
2859
286
2861
2862
2863
2865
2866
2867
2868
2869
287
2871
2872
2873
2875
2876
2877
2878
2879
288
2880
2881
2882
2883
2885
2886
2887
2888
2889
289
2890
2891
2892
2893
2894
2895
2896
2897
2898
2899
29
290
2900
2901
2902
2903
2904
2905
2906
2907
2908
2909
291
2910
2911
2912
2913
2914
2915
2916
2917
2918
2919
292
2920
2921
2922
2923
2924
2925
2926
2927
2928
2929
293
2930
2931
2932
2933
2934
2936
2937
2938
2939
294
2940
2941
2942
2943
2944
2945
2946
2948
2949
295
2950
2951
2952
2953
2954
2955
2956
2958
2959
296
2960
2961
2962
2963
2964
2966
2967
2968
2969
297
2970
2971
2972
2973
2974
2975
2976
2977
2978
298
2980
2981
2982
2983
2984
2985
2986
2987
2988
2989
299
2990
2991
2993
2994
2995
2996
2997
2999
300
3000
3001
3002
3003
3004
3005
3006
3008
3009
301
3010
3011
3012
3014
3015
3016
3017
302
3020
3021
3022
3023
3024
3025
3026
3027
3028
3029
3030
3031
3032
3033
3034
3035
3037
3038
3039
304
3040
3041
3042
3043
3044
3046
3047
3048
3049
3050
3051
3053
3054
3055
3056
3057
3058
306
3060
3061
3062
3063
3064
3065
3066
3067
3068
3069
3070
3071
3072
3073
3074
3075
3076
3077
3078
3079
308
3080
3081
3082
3083
3084
3085
3086
3087
3088
3089
309
3090
3091
3092
3093
3094
3095
3096
3097
3098
3099
31
310
3101
3102
3103
3104
3105
3106
3108
3109
311
3110
3111
3112
3113
3114
3115
3116
3117
3118
3119
312
3120
3121
3122
3123
3124
3125
3126
3127
3128
3129
313
3130
3131
3132
3133
3134
3135
3136
3137
3138
3139
314
3140
3141
3142
3144
3145
3146
3147
3148
3149
315
3150
3151
3152
3153
3154
3155
3156
3158
3159
316
3161
3162
3163
3164
3165
3166
3167
3168
317
3170
3171
3172
3173
3174
3175
3176
3177
3179
318
3181
3182
3183
3184
3185
3186
3187
3188
3189
3190
3191
3192
3193
3194
3195
3196
3197
3198
3199
320
3200
3201
3202
3203
3204
3205
3206
3207
3208
321
3210
3211
3212
3213
3214
3216
3219
322
3220
3221
3222
3223
3224
3225
3226
3227
3228
3229
323
3230
3231
3232
3233
3234
3235
3236
3237
3238
3239
324
3240
3241
3243
3244
3245
3247
3248
3249
325
3250
3251
3252
3253
3254
3255
3256
3257
3258
3259
3260
3262
3263
3264
3265
3266
3267
3268
3269
3270
3271
3272
3273
3274
3275
3276
3277
3278
3279
3280
3281
3282
3283
3284
3285
3286
3287
3288
3289
3290
3291
3292
3293
3294
3295
3296
3297
3298
3299
330
3300
3301
3302
3303
3304
3305
3306
3307
3308
3309
331
3310
3311
3312
3313
3314
3315
3316
3317
3318
3319
332
3320
3321
3322
3323
3324
3325
3326
3327
3328
3329
333
3330
3332
3333
3335
3336
3337
3338
3340
3341
3343
3344
3345
3346
3347
3348
3349
335
3350
3351
3352
3353
3354
3355
3356
3357
3358
3359
336
3360
3361
3362
3363
3364
3365
3366
3367
3368
3369
337
3370
3372
3373
3374
3375
3376
3377
3378
3379
338
3380
3381
3382
3383
3384
3385
3386
3388
3389
339
3390
3391
3393
3394
3395
3396
3398
3399
34
340
3400
3401
3402
3403
3404
3405
3406
3407
3408
3409
341
3411
3412
3413
3414
3415
3416
3417
3418
3419
342
3420
3421
3423
3424
3425
3426
3427
3428
3429
343
3430
3431
3432
3433
3434
3435
3436
3437
3438
3439
344
3440
3441
3442
3443
3444
3445
3446
3447
3448
3449
3450
3451
3452
3453
3454
3455
3457
3458
3459
346
3460
3461
3462
3463
3464
3465
3466
3467
3468
3469
347
3470
3471
3472
3473
3474
3475
3478
3479
348
3480
3481
3482
3483
3484
3485
3486
3487
3488
3489
349
3490
3491
3493
3494
3495
3496
3497
3498
3499
350
3500
3501
3502
3503
3504
3505
3506
3507
3508
3509
351
3510
3511
3512
3513
3514
3515
3516
3517
3518
3519
3520
3521
3522
3523
3524
3525
3526
3528
3529
353
3530
3531
3532
3533
3534
3535
3536
3537
3538
3539
354
3540
3542
3543
3544
3545
3546
3547
3548
3549
3550
3551
3552
3553
3554
3555
3556
3557
3558
3559
356
3560
3561
3562
3563
3564
3565
3566
3567
3568
3569
357
3570
3571
3572
3574
3575
3577
3578
3579
358
3580
3581
3582
3583
3584
3585
3586
3587
3588
3589
359
3591
3592
3594
3595
3596
3597
3598
3599
36
360
3600
3601
3602
3603
3604
3605
3606
3607
3608
3609
361
3610
3611
3612
3613
3614
3615
3616
3617
3618
3619
362
3620
3621
3622
3623
3624
3625
3626
3627
3629
3630
3631
3632
3633
3634
3635
3637
3638
3639
364
3640
3641
3642
3643
3644
3645
3646
3647
3648
3649
365
3650
3651
3652
3653
3655
3657
3658
3659
366
3660
3661
3662
3664
3665
3666
3667
3668
3669
3670
3671
3672
3673
3674
3675
3676
3677
3678
3679
3680
3681
3682
3683
3684
3685
3686
3687
3688
3689
369
3690
3691
3692
3693
3694
3695
3696
3697
3698
3699
37
370
3700
3701
3702
3703
3705
3706
3707
3709
371
3710
3711
3712
3713
3714
3715
3716
3717
3718
372
3722
3723
3725
3727
3728
373
3730
3731
3732
3733
3734
3736
3739
374
3747
3751
3752
3753
3754
3755
3756
3757
3758
3759
376
3760
3761
3762
3763
3764
3765
3766
3767
377
3770
3771
3772
3773
3774
3775
3776
3777
3778
3779
378
3780
3781
3782
3783
3784
3785
3787
3788
3789
379
3792
3793
3794
3795
3796
3797
3798
3799
38
3800
3801
3802
3803
3804
3805
3806
3807
381
3810
3811
3812
3813
3814
3816
3817
3818
3819
382
3820
3821
3822
3823
3824
3825
3826
3827
3828
3829
383
3830
3832
3833
3834
3835
3836
3837
3838
3839
384
3840
3841
3842
3843
3845
3846
3847
3848
3849
3850
3851
3852
3853
3855
3856
3857
3858
3859
3860
3861
3862
3863
3864
3865
3866
3867
3868
3869
387
3870
3871
3872
3873
3874
3875
3876
3877
3878
3879
388
3880
3881
3882
3883
3884
3885
3886
3887
3888
3889
389
3890
3891
3892
3893
3894
3895
3896
3897
3900
3901
3902
3903
3904
3905
3906
3908
3909
391
3910
3911
3912
3913
3914
3915
3917
3919
392
3920
3921
3922
3923
3924
3925
3926
3927
3928
3929
393
3930
3931
3932
3933
3934
3935
3936
3937
3938
3939
394
3940
3941
3942
3944
3945
3946
3947
3948
3949
395
3950
3951
3952
3953
3954
3955
3956
3957
3958
3959
396
3960
3961
3964
3965
3966
3967
3968
3969
397
3970
3971
3972
3973
3974
3975
3976
3977
3978
398
3980
3981
3982
3983
3984
3985
3986
3987
3988
3989
399
3990
3991
3992
3993
3994
3995
3996
3997
3998
3999
40
400
4000
4001
4003
4004
4005
4006
4007
4008
4009
401
4010
4011
4012
4013
4014
4015
4016
4017
4018
4019
4020
4021
4022
4023
4024
4025
4026
4027
4028
4029
4030
4031
4032
4033
4034
4035
4036
4037
4038
4039
404
4040
4042
4043
4044
4045
4046
4047
4048
4049
405
4050
4051
4052
4053
4054
4055
4056
4057
4058
4059
406
4060
4061
4062
4063
4065
4066
4067
4068
4069
407
4070
4071
4073
4074
4075
4077
4078
4079
408
4080
4081
4082
4083
4085
4086
4087
4088
4089
409
4090
4091
4092
4093
4094
4095
4096
4098
4099
410
4100
4101
4102
4103
4104
4105
4106
4107
4108
4109
411
4111
4112
4113
4114
4115
4116
4117
4118
4119
412
4120
4121
4122
4123
4124
4125
4126
4127
4128
4129
413
4130
4131
4132
4133
4134
4135
4136
4137
4138
4139
414
4140
4141
4142
4143
4144
4145
4146
4147
4148
4149
4150
4151
4152
4153
4154
4155
4156
4157
4158
4159
4160
4161
4162
4163
4164
4165
4166
4167
4168
4169
4170
4172
4173
4174
4175
4176
4177
4178
4179
418
4180
4181
4182
4184
4185
4186
4187
4188
4189
419
4190
4191
4192
4193
4195
4196
4199
42
420
4200
4201
4202
4203
4204
421
4214
4215
4216
4217
4218
4219
422
4220
4221
4222
4223
4224
4225
4226
4227
4228
4229
423
4230
4231
4232
4233
4234
4235
4236
4237
4238
4239
424
4240
4242
4243
4244
4245
4246
4247
4249
425
4250
4251
4252
4253
4254
4255
4256
4257
4258
4259
426
4260
4261
4262
4263
4264
4265
4266
4267
4268
427
4270
4271
4272
4273
4275
4278
4279
428
4280
4281
4282
4283
4284
4285
4287
4288
4289
429
4290
4292
4293
4294
4295
4298
4299
43
430
4300
4301
4302
4304
4305
4308
4309
431
4310
4311
4317
4318
4321
4323
4324
4326
4327
4328
4329
433
4330
4331
4334
4335
4336
4337
4338
4339
434
4340
4341
4342
4343
4344
4345
4346
4347
4348
4349
435
4350
4351
4353
4354
4355
4356
4357
4358
4359
436
4360
4361
4363
4364
4365
4366
4367
4368
4369
437
4370
4371
4372
4373
4374
4375
4376
4377
4378
4379
438
4380
4381
4382
4383
4384
4385
4386
4387
4388
4389
439
4390
4391
4392
4393
4394
4395
4396
4397
4398
4399
44
440
4400
4401
4402
4403
4404
4405
4406
4407
4408
4409
441
4410
4411
4412
4413
4414
4415
4416
4417
4418
4419
442
4420
4421
4422
4423
4424
4425
4426
4427
4429
4430
4433
4434
4435
4436
4437
4438
4439
444
4440
4441
4442
4445
4448
445
4450
4451
4452
4454
4455
4456
4457
4458
4459
446
4460
4461
4462
4463
4464
4465
4466
4467
4468
4469
447
4470
4471
4472
4473
4474
4475
4476
4477
4478
4479
448
4480
4482
4484
4485
4486
4487
4488
4489
449
4490
4491
4492
4493
4495
4496
4497
4498
4499
45
450
4500
4501
4502
4503
4504
4505
4506
4507
4508
4509
451
4510
4511
4512
4513
4514
4515
4516
4517
4518
4519
452
4520
4521
4522
4523
4525
4526
4527
4528
4529
453
4530
4531
4532
4534
4535
4538
4539
454
4540
4541
4542
4543
4544
4545
4546
4547
4548
4549
4550
4552
4553
4554
4555
4556
4557
4558
4559
456
4560
4561
4562
4563
4564
4565
4566
4567
4568
4569
457
4570
4571
4573
4574
4575
4577
4578
4582
4583
4584
4588
4589
459
4590
4591
4592
4593
4594
4595
4596
4597
46
460
461
462
463
4630
464
465
4655
466
468
469
4690
4694
47
470
472
473
4733
474
475
476
4760
478
479
48
480
481
482
483
484
485
4872
4874
4875
4876
4877
4878
4879
488
4882
4883
4884
4885
4887
4888
4889
489
4890
4891
4893
4894
4895
4896
4897
4898
4899
49
4900
4901
4902
4904
4906
4907
4908
491
4910
4911
492
493
494
496
497
498
499
50
500
501
502
503
504
505
506
508
51
510
511
512
514
515
517
518
519
52
520
521
522
524
525
526
527
528
5282
5285
5286
5288
5290
5294
5297
5298
53
530
5300
5302
5303
5304
5306
5308
5310
5313
5314
5315
5316
5317
5318
5319
5320
5323
5324
5326
5328
5329
533
5331
5333
5334
5335
5338
5339
5340
5342
5343
5345
5347
5348
5349
5350
5351
5352
5353
5356
5357
536
5360
5361
5363
5364
5365
5366
5367
5368
5369
537
5370
5371
5372
5373
5374
5376
5378
538
5380
5381
5382
5384
5386
5387
5389
539
5391
5393
5394
5397
5399
540
5400
5402
5404
5405
5406
5407
5410
5412
5413
5418
542
5420
5422
5424
5426
5428
543
5430
5431
5432
5433
5434
5435
5436
5438
5439
5440
5441
5442
5445
5447
5448
545
5451
5453
5454
5455
5456
5458
546
5462
5465
5466
5467
5468
547
5470
5473
5475
5477
5479
548
5481
5483
5485
5487
5489
549
5490
5493
5495
5496
5498
550
5500
5501
5502
5504
5506
5507
5508
5509
551
5511
5512
5514
5516
5518
5519
552
5522
5527
5529
553
5531
5534
554
5540
5541
5547
555
5550
5553
5555
5559
556
5562
5565
5569
557
5574
5577
5578
5580
5581
5582
5583
5586
5589
559
5591
5592
5595
5596
5597
5598
5599
56
560
5601
5602
5607
562
5620
5622
5623
5624
563
5631
5636
5637
564
5643
5645
565
566
5660
567
568
5685
5686
5689
5695
57
570
571
5717
573
5733
574
5742
5744
575
576
5760
5766
577
5772
5774
578
5782
5785
579
5791
58
580
5808
5809
581
582
583
5832
5835
5837
584
585
5853
5854
5856
586
5870
5871
5872
5874
5878
5879
588
5880
589
59
590
5908
5918
592
5923
593
5933
5934
594
5942
595
5956
596
597
598
599
5998
600
6019
6029
603
6036
6037
604
606
607
608
609
6095
61
610
611
6118
612
6124
6125
6129
613
6136
614
6142
615
616
617
6171
6175
6183
6185
6189
619
6192
62
620
6202
6203
6207
6208
621
622
6228
624
6244
625
6250
6251
626
6265
628
6283
629
6290
6296
630
631
632
633
6338
634
6347
6350
6358
636
6363
6364
6365
6368
637
638
6388
6396
641
6414
6415
6421
6422
6437
644
6441
6442
6444
645
6453
6456
646
6461
6467
647
649
650
651
6513
652
6520
6524
653
654
655
6557
6558
6559
656
657
6570
658
6584
659
66
660
6608
661
662
663
6631
664
665
666
667
668
6684
6688
669
6695
67
670
671
672
673
6734
674
675
676
677
678
679
681
682
684
685
686
6871
6875
688
6881
689
6890
6897
69
690
691
692
6928
693
694
695
6956
696
697
698
6983
6989
70
700
701
7023
703
704
705
7051
7054
706
7064
707
7073
708
709
71
710
711
7114
713
714
7143
715
716
717
7174
718
7187
719
72
720
721
723
724
725
7256
726
7267
727
728
7281
729
7291
732
733
734
7344
735
736
7364
7373
7375
738
739
7398
740
741
742
7425
743
7438
744
745
746
747
748
749
75
750
751
752
753
754
755
7559
756
7579
758
759
76
760
761
7612
7615
7616
7617
762
7623
7628
763
764
7648
765
7658
7661
767
7673
768
7686
7689
769
7690
77
772
7726
773
774
776
7766
7767
7778
779
7792
78
780
7803
7806
7808
781
7822
7823
783
7839
784
7840
7843
7847
7849
7853
7854
786
787
7884
789
79
790
7902
7906
791
7910
7918
792
7925
7927
7928
793
794
7942
7945
795
7963
797
7979
798
7987
799
800
801
802
8024
803
8033
8034
8035
805
806
8064
807
8072
8078
808
8085
8087
809
8093
8096
810
8104
811
8115
813
814
8147
815
8151
8153
8154
8156
816
8161
817
818
819
82
820
821
822
823
824
825
826
8262
827
8274
828
8283
8284
8287
829
83
831
832
833
834
835
837
838
839
8398
84
840
841
842
8431
8434
844
845
846
847
848
8481
8486
849
8491
8496
85
850
851
8514
852
8523
8526
853
854
855
856
858
859
86
860
861
8611
863
864
8644
867
8674
868
869
8691
87
870
8700
8706
8709
871
8711
8713
872
873
8731
8739
874
8743
8745
8746
875
8762
8763
8765
877
878
8783
879
8799
88
880
881
882
883
8838
885
8856
886
8862
887
888
889
89
890
891
892
893
8933
8936
894
8940
895
896
8966
897
899
8996
90
900
9002
901
9018
902
9023
9025
9026
903
9039
904
9045
905
907
9073
9079
908
9083
9085
9092
910
911
912
913
9136
914
915
916
9161
917
918
919
9191
9194
9195
92
920
921
9218
922
923
924
925
9256
926
9262
927
9271
9278
928
929
93
930
9305
931
932
9328
933
9332
934
9346
935
936
937
9377
938
939
94
940
941
9417
942
943
944
9450
9454
946
9463
9465
9468
947
948
949
95
950
951
9510
9511
9519
952
9520
953
955
9554
956
9569
957
9575
9576
9578
958
9583
959
9593
96
960
9606
9609
961
962
9626
963
964
965
966
9661
9662
967
968
9686
97
971
9716
972
974
975
9758
976
9766
977
978
9795
98
980
981
9810
9816
9820
9821
9828
983
9834
984
9849
985
9853
9855
9858
986
987
989
99
990
991
9914
9917
992
9925
9926
993
994
9946
996
9961
9965
997
9983
999
