10261
1033
104
105
1059
1076
1086
1110
1140
1166
1176
11851
11855
1191
1201
1208
1228
1244
1266
1286
1327
1333
1357
1370
1371
1420
1443
14433
1444
14483
14648
1472
14827
1484
1511
15128
1538
1540
15431
1548
1550
1555
1556
1566
15668
15698
1571
15837
1586
15944
16025
1604
16048
1617
16254
16295
16383
16428
1643
1647
1650
16523
16636
1675
1680
1685
1689
1699
1701
1735
1767
181
1829
1845
1850
1851
1867
188
1899
1900
1912
1917
1959
1977
199
19939
19954
19957
19967
20003
20024
20025
20044
20059
20062
20101
2012
20124
20148
20182
20187
20192
20205
2027
2028
2032
20325
2107
2112
2114
2122
2124
2134
21343
21348
2138
2145
21562
21594
21665
2194
2204
22126
2229
230
232
2332
23715
2374
23747
23759
23760
23766
2378
2380
23946
23986
23994
24015
2403
24040
24056
24108
2411
24111
24113
24135
2420
24235
24236
24268
24311
2433
24405
24406
24451
24468
24508
24509
24521
2466
24717
2480
24828
24839
24840
24844
2485
24926
24927
2493
24932
24933
24941
24943
24946
24949
24951
24952
25037
2506
25129
25132
25133
25134
25137
25146
25152
25189
25236
25240
25247
25250
25334
25336
25340
25342
25349
25354
25363
25364
25370
25374
25425
25434
25436
25450
25470
25505
25514
25515
25520
25580
25582
25653
25707
25721
25726
25734
25757
258
25803
25819
25843
25853
25854
25881
25896
2592
25942
25948
25955
25969
25971
25993
25995
2601
26015
2602
2612
2631
2632
2633
2634
2642
2643
2658
269
2694
2703
2738
274
276
2767
277
2778
2819
2838
2866
2873
2876
2891
2913
2918
292
2921
2933
2946
2950
296
2984
2996
3017
3034
304
3051
3068
3083
309
3111
3124
3126
3136
3159
3190
3205
3207
3233
3240
3243
3248
3253
3262
3266
3268
3293
3296
3321
3329
3358
3364
3365
3369
3372
3394
3403
3419
3424
3426
3443
3455
3463
3472
3473
3491
3496
3497
3504
3558
3591
3600
3638
364
3651
3655
3691
3705
3731
3734
3753
3799
3820
3833
3855
3865
3866
3870
3877
3909
3931
3948
3949
3959
3966
4006
4042
4046
4053
4055
4081
4101
4141
4144
4158
4159
4215
4220
4222
4227
4239
4253
4257
4294
4326
4350
4373
4381
4401
4409
4424
4461
4480
4488
4495
4515
4535
4541
4561
4562
4630
4895
4906
491
492
503
511
514
5285
5298
5302
5303
5376
5389
5393
5433
5447
5448
5451
5487
549
5502
5518
5547
5550
5660
5686
574
5774
580
59
6118
6175
6244
6290
632
633
6364
644
6524
654
682
706
7114
726
727
759
7617
7689
7853
791
7945
805
824
826
8283
849
850
851
853
86
8746
885
886
8862
887
889
893
8966
904
920
921
927
933
934
943
944
9450
953
986
9983
